/*--------------------------------*- C++ -*----------------------------------*\
| =========                 |                                                 |
| \\      /  F ield         | foam-extend: Open Source CFD                    |
|  \\    /   O peration     | Version:     4.0                                |
|   \\  /    A nd           | Web:         http://www.foam-extend.org         |
|    \\/     M anipulation  |                                                 |
\*---------------------------------------------------------------------------*/
FoamFile
{
    version     2.0;
    format      ascii;
    class       faceList;
    location    "constant/polyMesh";
    object      faces;
}
// * * * * * * * * * * * * * * * * * * * * * * * * * * * * * * * * * * * * * //


1251
(
4(1 252 754 503)
4(2 253 755 504)
4(3 254 756 505)
4(4 255 757 506)
4(5 256 758 507)
4(6 257 759 508)
4(7 258 760 509)
4(8 259 761 510)
4(9 260 762 511)
4(10 261 763 512)
4(11 262 764 513)
4(12 263 765 514)
4(13 264 766 515)
4(14 265 767 516)
4(15 266 768 517)
4(16 267 769 518)
4(17 268 770 519)
4(18 269 771 520)
4(19 270 772 521)
4(20 271 773 522)
4(21 272 774 523)
4(22 273 775 524)
4(23 274 776 525)
4(24 275 777 526)
4(25 276 778 527)
4(26 277 779 528)
4(27 278 780 529)
4(28 279 781 530)
4(29 280 782 531)
4(30 281 783 532)
4(31 282 784 533)
4(32 283 785 534)
4(33 284 786 535)
4(34 285 787 536)
4(35 286 788 537)
4(36 287 789 538)
4(37 288 790 539)
4(38 289 791 540)
4(39 290 792 541)
4(40 291 793 542)
4(41 292 794 543)
4(42 293 795 544)
4(43 294 796 545)
4(44 295 797 546)
4(45 296 798 547)
4(46 297 799 548)
4(47 298 800 549)
4(48 299 801 550)
4(49 300 802 551)
4(50 301 803 552)
4(51 302 804 553)
4(52 303 805 554)
4(53 304 806 555)
4(54 305 807 556)
4(55 306 808 557)
4(56 307 809 558)
4(57 308 810 559)
4(58 309 811 560)
4(59 310 812 561)
4(60 311 813 562)
4(61 312 814 563)
4(62 313 815 564)
4(63 314 816 565)
4(64 315 817 566)
4(65 316 818 567)
4(66 317 819 568)
4(67 318 820 569)
4(68 319 821 570)
4(69 320 822 571)
4(70 321 823 572)
4(71 322 824 573)
4(72 323 825 574)
4(73 324 826 575)
4(74 325 827 576)
4(75 326 828 577)
4(76 327 829 578)
4(77 328 830 579)
4(78 329 831 580)
4(79 330 832 581)
4(80 331 833 582)
4(81 332 834 583)
4(82 333 835 584)
4(83 334 836 585)
4(84 335 837 586)
4(85 336 838 587)
4(86 337 839 588)
4(87 338 840 589)
4(88 339 841 590)
4(89 340 842 591)
4(90 341 843 592)
4(91 342 844 593)
4(92 343 845 594)
4(93 344 846 595)
4(94 345 847 596)
4(95 346 848 597)
4(96 347 849 598)
4(97 348 850 599)
4(98 349 851 600)
4(99 350 852 601)
4(100 351 853 602)
4(101 352 854 603)
4(102 353 855 604)
4(103 354 856 605)
4(104 355 857 606)
4(105 356 858 607)
4(106 357 859 608)
4(107 358 860 609)
4(108 359 861 610)
4(109 360 862 611)
4(110 361 863 612)
4(111 362 864 613)
4(112 363 865 614)
4(113 364 866 615)
4(114 365 867 616)
4(115 366 868 617)
4(116 367 869 618)
4(117 368 870 619)
4(118 369 871 620)
4(119 370 872 621)
4(120 371 873 622)
4(121 372 874 623)
4(122 373 875 624)
4(123 374 876 625)
4(124 375 877 626)
4(125 376 878 627)
4(126 377 879 628)
4(127 378 880 629)
4(128 379 881 630)
4(129 380 882 631)
4(130 381 883 632)
4(131 382 884 633)
4(132 383 885 634)
4(133 384 886 635)
4(134 385 887 636)
4(135 386 888 637)
4(136 387 889 638)
4(137 388 890 639)
4(138 389 891 640)
4(139 390 892 641)
4(140 391 893 642)
4(141 392 894 643)
4(142 393 895 644)
4(143 394 896 645)
4(144 395 897 646)
4(145 396 898 647)
4(146 397 899 648)
4(147 398 900 649)
4(148 399 901 650)
4(149 400 902 651)
4(150 401 903 652)
4(151 402 904 653)
4(152 403 905 654)
4(153 404 906 655)
4(154 405 907 656)
4(155 406 908 657)
4(156 407 909 658)
4(157 408 910 659)
4(158 409 911 660)
4(159 410 912 661)
4(160 411 913 662)
4(161 412 914 663)
4(162 413 915 664)
4(163 414 916 665)
4(164 415 917 666)
4(165 416 918 667)
4(166 417 919 668)
4(167 418 920 669)
4(168 419 921 670)
4(169 420 922 671)
4(170 421 923 672)
4(171 422 924 673)
4(172 423 925 674)
4(173 424 926 675)
4(174 425 927 676)
4(175 426 928 677)
4(176 427 929 678)
4(177 428 930 679)
4(178 429 931 680)
4(179 430 932 681)
4(180 431 933 682)
4(181 432 934 683)
4(182 433 935 684)
4(183 434 936 685)
4(184 435 937 686)
4(185 436 938 687)
4(186 437 939 688)
4(187 438 940 689)
4(188 439 941 690)
4(189 440 942 691)
4(190 441 943 692)
4(191 442 944 693)
4(192 443 945 694)
4(193 444 946 695)
4(194 445 947 696)
4(195 446 948 697)
4(196 447 949 698)
4(197 448 950 699)
4(198 449 951 700)
4(199 450 952 701)
4(200 451 953 702)
4(201 452 954 703)
4(202 453 955 704)
4(203 454 956 705)
4(204 455 957 706)
4(205 456 958 707)
4(206 457 959 708)
4(207 458 960 709)
4(208 459 961 710)
4(209 460 962 711)
4(210 461 963 712)
4(211 462 964 713)
4(212 463 965 714)
4(213 464 966 715)
4(214 465 967 716)
4(215 466 968 717)
4(216 467 969 718)
4(217 468 970 719)
4(218 469 971 720)
4(219 470 972 721)
4(220 471 973 722)
4(221 472 974 723)
4(222 473 975 724)
4(223 474 976 725)
4(224 475 977 726)
4(225 476 978 727)
4(226 477 979 728)
4(227 478 980 729)
4(228 479 981 730)
4(229 480 982 731)
4(230 481 983 732)
4(231 482 984 733)
4(232 483 985 734)
4(233 484 986 735)
4(234 485 987 736)
4(235 486 988 737)
4(236 487 989 738)
4(237 488 990 739)
4(238 489 991 740)
4(239 490 992 741)
4(240 491 993 742)
4(241 492 994 743)
4(242 493 995 744)
4(243 494 996 745)
4(244 495 997 746)
4(245 496 998 747)
4(246 497 999 748)
4(247 498 1000 749)
4(248 499 1001 750)
4(249 500 1002 751)
4(0 502 753 251)
4(250 501 1003 752)
4(0 1 503 502)
4(1 2 504 503)
4(2 3 505 504)
4(3 4 506 505)
4(4 5 507 506)
4(5 6 508 507)
4(6 7 509 508)
4(7 8 510 509)
4(8 9 511 510)
4(9 10 512 511)
4(10 11 513 512)
4(11 12 514 513)
4(12 13 515 514)
4(13 14 516 515)
4(14 15 517 516)
4(15 16 518 517)
4(16 17 519 518)
4(17 18 520 519)
4(18 19 521 520)
4(19 20 522 521)
4(20 21 523 522)
4(21 22 524 523)
4(22 23 525 524)
4(23 24 526 525)
4(24 25 527 526)
4(25 26 528 527)
4(26 27 529 528)
4(27 28 530 529)
4(28 29 531 530)
4(29 30 532 531)
4(30 31 533 532)
4(31 32 534 533)
4(32 33 535 534)
4(33 34 536 535)
4(34 35 537 536)
4(35 36 538 537)
4(36 37 539 538)
4(37 38 540 539)
4(38 39 541 540)
4(39 40 542 541)
4(40 41 543 542)
4(41 42 544 543)
4(42 43 545 544)
4(43 44 546 545)
4(44 45 547 546)
4(45 46 548 547)
4(46 47 549 548)
4(47 48 550 549)
4(48 49 551 550)
4(49 50 552 551)
4(50 51 553 552)
4(51 52 554 553)
4(52 53 555 554)
4(53 54 556 555)
4(54 55 557 556)
4(55 56 558 557)
4(56 57 559 558)
4(57 58 560 559)
4(58 59 561 560)
4(59 60 562 561)
4(60 61 563 562)
4(61 62 564 563)
4(62 63 565 564)
4(63 64 566 565)
4(64 65 567 566)
4(65 66 568 567)
4(66 67 569 568)
4(67 68 570 569)
4(68 69 571 570)
4(69 70 572 571)
4(70 71 573 572)
4(71 72 574 573)
4(72 73 575 574)
4(73 74 576 575)
4(74 75 577 576)
4(75 76 578 577)
4(76 77 579 578)
4(77 78 580 579)
4(78 79 581 580)
4(79 80 582 581)
4(80 81 583 582)
4(81 82 584 583)
4(82 83 585 584)
4(83 84 586 585)
4(84 85 587 586)
4(85 86 588 587)
4(86 87 589 588)
4(87 88 590 589)
4(88 89 591 590)
4(89 90 592 591)
4(90 91 593 592)
4(91 92 594 593)
4(92 93 595 594)
4(93 94 596 595)
4(94 95 597 596)
4(95 96 598 597)
4(96 97 599 598)
4(97 98 600 599)
4(98 99 601 600)
4(99 100 602 601)
4(100 101 603 602)
4(101 102 604 603)
4(102 103 605 604)
4(103 104 606 605)
4(104 105 607 606)
4(105 106 608 607)
4(106 107 609 608)
4(107 108 610 609)
4(108 109 611 610)
4(109 110 612 611)
4(110 111 613 612)
4(111 112 614 613)
4(112 113 615 614)
4(113 114 616 615)
4(114 115 617 616)
4(115 116 618 617)
4(116 117 619 618)
4(117 118 620 619)
4(118 119 621 620)
4(119 120 622 621)
4(120 121 623 622)
4(121 122 624 623)
4(122 123 625 624)
4(123 124 626 625)
4(124 125 627 626)
4(125 126 628 627)
4(126 127 629 628)
4(127 128 630 629)
4(128 129 631 630)
4(129 130 632 631)
4(130 131 633 632)
4(131 132 634 633)
4(132 133 635 634)
4(133 134 636 635)
4(134 135 637 636)
4(135 136 638 637)
4(136 137 639 638)
4(137 138 640 639)
4(138 139 641 640)
4(139 140 642 641)
4(140 141 643 642)
4(141 142 644 643)
4(142 143 645 644)
4(143 144 646 645)
4(144 145 647 646)
4(145 146 648 647)
4(146 147 649 648)
4(147 148 650 649)
4(148 149 651 650)
4(149 150 652 651)
4(150 151 653 652)
4(151 152 654 653)
4(152 153 655 654)
4(153 154 656 655)
4(154 155 657 656)
4(155 156 658 657)
4(156 157 659 658)
4(157 158 660 659)
4(158 159 661 660)
4(159 160 662 661)
4(160 161 663 662)
4(161 162 664 663)
4(162 163 665 664)
4(163 164 666 665)
4(164 165 667 666)
4(165 166 668 667)
4(166 167 669 668)
4(167 168 670 669)
4(168 169 671 670)
4(169 170 672 671)
4(170 171 673 672)
4(171 172 674 673)
4(172 173 675 674)
4(173 174 676 675)
4(174 175 677 676)
4(175 176 678 677)
4(176 177 679 678)
4(177 178 680 679)
4(178 179 681 680)
4(179 180 682 681)
4(180 181 683 682)
4(181 182 684 683)
4(182 183 685 684)
4(183 184 686 685)
4(184 185 687 686)
4(185 186 688 687)
4(186 187 689 688)
4(187 188 690 689)
4(188 189 691 690)
4(189 190 692 691)
4(190 191 693 692)
4(191 192 694 693)
4(192 193 695 694)
4(193 194 696 695)
4(194 195 697 696)
4(195 196 698 697)
4(196 197 699 698)
4(197 198 700 699)
4(198 199 701 700)
4(199 200 702 701)
4(200 201 703 702)
4(201 202 704 703)
4(202 203 705 704)
4(203 204 706 705)
4(204 205 707 706)
4(205 206 708 707)
4(206 207 709 708)
4(207 208 710 709)
4(208 209 711 710)
4(209 210 712 711)
4(210 211 713 712)
4(211 212 714 713)
4(212 213 715 714)
4(213 214 716 715)
4(214 215 717 716)
4(215 216 718 717)
4(216 217 719 718)
4(217 218 720 719)
4(218 219 721 720)
4(219 220 722 721)
4(220 221 723 722)
4(221 222 724 723)
4(222 223 725 724)
4(223 224 726 725)
4(224 225 727 726)
4(225 226 728 727)
4(226 227 729 728)
4(227 228 730 729)
4(228 229 731 730)
4(229 230 732 731)
4(230 231 733 732)
4(231 232 734 733)
4(232 233 735 734)
4(233 234 736 735)
4(234 235 737 736)
4(235 236 738 737)
4(236 237 739 738)
4(237 238 740 739)
4(238 239 741 740)
4(239 240 742 741)
4(240 241 743 742)
4(241 242 744 743)
4(242 243 745 744)
4(243 244 746 745)
4(244 245 747 746)
4(245 246 748 747)
4(246 247 749 748)
4(247 248 750 749)
4(248 249 751 750)
4(249 250 752 751)
4(251 753 754 252)
4(252 754 755 253)
4(253 755 756 254)
4(254 756 757 255)
4(255 757 758 256)
4(256 758 759 257)
4(257 759 760 258)
4(258 760 761 259)
4(259 761 762 260)
4(260 762 763 261)
4(261 763 764 262)
4(262 764 765 263)
4(263 765 766 264)
4(264 766 767 265)
4(265 767 768 266)
4(266 768 769 267)
4(267 769 770 268)
4(268 770 771 269)
4(269 771 772 270)
4(270 772 773 271)
4(271 773 774 272)
4(272 774 775 273)
4(273 775 776 274)
4(274 776 777 275)
4(275 777 778 276)
4(276 778 779 277)
4(277 779 780 278)
4(278 780 781 279)
4(279 781 782 280)
4(280 782 783 281)
4(281 783 784 282)
4(282 784 785 283)
4(283 785 786 284)
4(284 786 787 285)
4(285 787 788 286)
4(286 788 789 287)
4(287 789 790 288)
4(288 790 791 289)
4(289 791 792 290)
4(290 792 793 291)
4(291 793 794 292)
4(292 794 795 293)
4(293 795 796 294)
4(294 796 797 295)
4(295 797 798 296)
4(296 798 799 297)
4(297 799 800 298)
4(298 800 801 299)
4(299 801 802 300)
4(300 802 803 301)
4(301 803 804 302)
4(302 804 805 303)
4(303 805 806 304)
4(304 806 807 305)
4(305 807 808 306)
4(306 808 809 307)
4(307 809 810 308)
4(308 810 811 309)
4(309 811 812 310)
4(310 812 813 311)
4(311 813 814 312)
4(312 814 815 313)
4(313 815 816 314)
4(314 816 817 315)
4(315 817 818 316)
4(316 818 819 317)
4(317 819 820 318)
4(318 820 821 319)
4(319 821 822 320)
4(320 822 823 321)
4(321 823 824 322)
4(322 824 825 323)
4(323 825 826 324)
4(324 826 827 325)
4(325 827 828 326)
4(326 828 829 327)
4(327 829 830 328)
4(328 830 831 329)
4(329 831 832 330)
4(330 832 833 331)
4(331 833 834 332)
4(332 834 835 333)
4(333 835 836 334)
4(334 836 837 335)
4(335 837 838 336)
4(336 838 839 337)
4(337 839 840 338)
4(338 840 841 339)
4(339 841 842 340)
4(340 842 843 341)
4(341 843 844 342)
4(342 844 845 343)
4(343 845 846 344)
4(344 846 847 345)
4(345 847 848 346)
4(346 848 849 347)
4(347 849 850 348)
4(348 850 851 349)
4(349 851 852 350)
4(350 852 853 351)
4(351 853 854 352)
4(352 854 855 353)
4(353 855 856 354)
4(354 856 857 355)
4(355 857 858 356)
4(356 858 859 357)
4(357 859 860 358)
4(358 860 861 359)
4(359 861 862 360)
4(360 862 863 361)
4(361 863 864 362)
4(362 864 865 363)
4(363 865 866 364)
4(364 866 867 365)
4(365 867 868 366)
4(366 868 869 367)
4(367 869 870 368)
4(368 870 871 369)
4(369 871 872 370)
4(370 872 873 371)
4(371 873 874 372)
4(372 874 875 373)
4(373 875 876 374)
4(374 876 877 375)
4(375 877 878 376)
4(376 878 879 377)
4(377 879 880 378)
4(378 880 881 379)
4(379 881 882 380)
4(380 882 883 381)
4(381 883 884 382)
4(382 884 885 383)
4(383 885 886 384)
4(384 886 887 385)
4(385 887 888 386)
4(386 888 889 387)
4(387 889 890 388)
4(388 890 891 389)
4(389 891 892 390)
4(390 892 893 391)
4(391 893 894 392)
4(392 894 895 393)
4(393 895 896 394)
4(394 896 897 395)
4(395 897 898 396)
4(396 898 899 397)
4(397 899 900 398)
4(398 900 901 399)
4(399 901 902 400)
4(400 902 903 401)
4(401 903 904 402)
4(402 904 905 403)
4(403 905 906 404)
4(404 906 907 405)
4(405 907 908 406)
4(406 908 909 407)
4(407 909 910 408)
4(408 910 911 409)
4(409 911 912 410)
4(410 912 913 411)
4(411 913 914 412)
4(412 914 915 413)
4(413 915 916 414)
4(414 916 917 415)
4(415 917 918 416)
4(416 918 919 417)
4(417 919 920 418)
4(418 920 921 419)
4(419 921 922 420)
4(420 922 923 421)
4(421 923 924 422)
4(422 924 925 423)
4(423 925 926 424)
4(424 926 927 425)
4(425 927 928 426)
4(426 928 929 427)
4(427 929 930 428)
4(428 930 931 429)
4(429 931 932 430)
4(430 932 933 431)
4(431 933 934 432)
4(432 934 935 433)
4(433 935 936 434)
4(434 936 937 435)
4(435 937 938 436)
4(436 938 939 437)
4(437 939 940 438)
4(438 940 941 439)
4(439 941 942 440)
4(440 942 943 441)
4(441 943 944 442)
4(442 944 945 443)
4(443 945 946 444)
4(444 946 947 445)
4(445 947 948 446)
4(446 948 949 447)
4(447 949 950 448)
4(448 950 951 449)
4(449 951 952 450)
4(450 952 953 451)
4(451 953 954 452)
4(452 954 955 453)
4(453 955 956 454)
4(454 956 957 455)
4(455 957 958 456)
4(456 958 959 457)
4(457 959 960 458)
4(458 960 961 459)
4(459 961 962 460)
4(460 962 963 461)
4(461 963 964 462)
4(462 964 965 463)
4(463 965 966 464)
4(464 966 967 465)
4(465 967 968 466)
4(466 968 969 467)
4(467 969 970 468)
4(468 970 971 469)
4(469 971 972 470)
4(470 972 973 471)
4(471 973 974 472)
4(472 974 975 473)
4(473 975 976 474)
4(474 976 977 475)
4(475 977 978 476)
4(476 978 979 477)
4(477 979 980 478)
4(478 980 981 479)
4(479 981 982 480)
4(480 982 983 481)
4(481 983 984 482)
4(482 984 985 483)
4(483 985 986 484)
4(484 986 987 485)
4(485 987 988 486)
4(486 988 989 487)
4(487 989 990 488)
4(488 990 991 489)
4(489 991 992 490)
4(490 992 993 491)
4(491 993 994 492)
4(492 994 995 493)
4(493 995 996 494)
4(494 996 997 495)
4(495 997 998 496)
4(496 998 999 497)
4(497 999 1000 498)
4(498 1000 1001 499)
4(499 1001 1002 500)
4(500 1002 1003 501)
4(0 251 252 1)
4(1 252 253 2)
4(2 253 254 3)
4(3 254 255 4)
4(4 255 256 5)
4(5 256 257 6)
4(6 257 258 7)
4(7 258 259 8)
4(8 259 260 9)
4(9 260 261 10)
4(10 261 262 11)
4(11 262 263 12)
4(12 263 264 13)
4(13 264 265 14)
4(14 265 266 15)
4(15 266 267 16)
4(16 267 268 17)
4(17 268 269 18)
4(18 269 270 19)
4(19 270 271 20)
4(20 271 272 21)
4(21 272 273 22)
4(22 273 274 23)
4(23 274 275 24)
4(24 275 276 25)
4(25 276 277 26)
4(26 277 278 27)
4(27 278 279 28)
4(28 279 280 29)
4(29 280 281 30)
4(30 281 282 31)
4(31 282 283 32)
4(32 283 284 33)
4(33 284 285 34)
4(34 285 286 35)
4(35 286 287 36)
4(36 287 288 37)
4(37 288 289 38)
4(38 289 290 39)
4(39 290 291 40)
4(40 291 292 41)
4(41 292 293 42)
4(42 293 294 43)
4(43 294 295 44)
4(44 295 296 45)
4(45 296 297 46)
4(46 297 298 47)
4(47 298 299 48)
4(48 299 300 49)
4(49 300 301 50)
4(50 301 302 51)
4(51 302 303 52)
4(52 303 304 53)
4(53 304 305 54)
4(54 305 306 55)
4(55 306 307 56)
4(56 307 308 57)
4(57 308 309 58)
4(58 309 310 59)
4(59 310 311 60)
4(60 311 312 61)
4(61 312 313 62)
4(62 313 314 63)
4(63 314 315 64)
4(64 315 316 65)
4(65 316 317 66)
4(66 317 318 67)
4(67 318 319 68)
4(68 319 320 69)
4(69 320 321 70)
4(70 321 322 71)
4(71 322 323 72)
4(72 323 324 73)
4(73 324 325 74)
4(74 325 326 75)
4(75 326 327 76)
4(76 327 328 77)
4(77 328 329 78)
4(78 329 330 79)
4(79 330 331 80)
4(80 331 332 81)
4(81 332 333 82)
4(82 333 334 83)
4(83 334 335 84)
4(84 335 336 85)
4(85 336 337 86)
4(86 337 338 87)
4(87 338 339 88)
4(88 339 340 89)
4(89 340 341 90)
4(90 341 342 91)
4(91 342 343 92)
4(92 343 344 93)
4(93 344 345 94)
4(94 345 346 95)
4(95 346 347 96)
4(96 347 348 97)
4(97 348 349 98)
4(98 349 350 99)
4(99 350 351 100)
4(100 351 352 101)
4(101 352 353 102)
4(102 353 354 103)
4(103 354 355 104)
4(104 355 356 105)
4(105 356 357 106)
4(106 357 358 107)
4(107 358 359 108)
4(108 359 360 109)
4(109 360 361 110)
4(110 361 362 111)
4(111 362 363 112)
4(112 363 364 113)
4(113 364 365 114)
4(114 365 366 115)
4(115 366 367 116)
4(116 367 368 117)
4(117 368 369 118)
4(118 369 370 119)
4(119 370 371 120)
4(120 371 372 121)
4(121 372 373 122)
4(122 373 374 123)
4(123 374 375 124)
4(124 375 376 125)
4(125 376 377 126)
4(126 377 378 127)
4(127 378 379 128)
4(128 379 380 129)
4(129 380 381 130)
4(130 381 382 131)
4(131 382 383 132)
4(132 383 384 133)
4(133 384 385 134)
4(134 385 386 135)
4(135 386 387 136)
4(136 387 388 137)
4(137 388 389 138)
4(138 389 390 139)
4(139 390 391 140)
4(140 391 392 141)
4(141 392 393 142)
4(142 393 394 143)
4(143 394 395 144)
4(144 395 396 145)
4(145 396 397 146)
4(146 397 398 147)
4(147 398 399 148)
4(148 399 400 149)
4(149 400 401 150)
4(150 401 402 151)
4(151 402 403 152)
4(152 403 404 153)
4(153 404 405 154)
4(154 405 406 155)
4(155 406 407 156)
4(156 407 408 157)
4(157 408 409 158)
4(158 409 410 159)
4(159 410 411 160)
4(160 411 412 161)
4(161 412 413 162)
4(162 413 414 163)
4(163 414 415 164)
4(164 415 416 165)
4(165 416 417 166)
4(166 417 418 167)
4(167 418 419 168)
4(168 419 420 169)
4(169 420 421 170)
4(170 421 422 171)
4(171 422 423 172)
4(172 423 424 173)
4(173 424 425 174)
4(174 425 426 175)
4(175 426 427 176)
4(176 427 428 177)
4(177 428 429 178)
4(178 429 430 179)
4(179 430 431 180)
4(180 431 432 181)
4(181 432 433 182)
4(182 433 434 183)
4(183 434 435 184)
4(184 435 436 185)
4(185 436 437 186)
4(186 437 438 187)
4(187 438 439 188)
4(188 439 440 189)
4(189 440 441 190)
4(190 441 442 191)
4(191 442 443 192)
4(192 443 444 193)
4(193 444 445 194)
4(194 445 446 195)
4(195 446 447 196)
4(196 447 448 197)
4(197 448 449 198)
4(198 449 450 199)
4(199 450 451 200)
4(200 451 452 201)
4(201 452 453 202)
4(202 453 454 203)
4(203 454 455 204)
4(204 455 456 205)
4(205 456 457 206)
4(206 457 458 207)
4(207 458 459 208)
4(208 459 460 209)
4(209 460 461 210)
4(210 461 462 211)
4(211 462 463 212)
4(212 463 464 213)
4(213 464 465 214)
4(214 465 466 215)
4(215 466 467 216)
4(216 467 468 217)
4(217 468 469 218)
4(218 469 470 219)
4(219 470 471 220)
4(220 471 472 221)
4(221 472 473 222)
4(222 473 474 223)
4(223 474 475 224)
4(224 475 476 225)
4(225 476 477 226)
4(226 477 478 227)
4(227 478 479 228)
4(228 479 480 229)
4(229 480 481 230)
4(230 481 482 231)
4(231 482 483 232)
4(232 483 484 233)
4(233 484 485 234)
4(234 485 486 235)
4(235 486 487 236)
4(236 487 488 237)
4(237 488 489 238)
4(238 489 490 239)
4(239 490 491 240)
4(240 491 492 241)
4(241 492 493 242)
4(242 493 494 243)
4(243 494 495 244)
4(244 495 496 245)
4(245 496 497 246)
4(246 497 498 247)
4(247 498 499 248)
4(248 499 500 249)
4(249 500 501 250)
4(502 503 754 753)
4(503 504 755 754)
4(504 505 756 755)
4(505 506 757 756)
4(506 507 758 757)
4(507 508 759 758)
4(508 509 760 759)
4(509 510 761 760)
4(510 511 762 761)
4(511 512 763 762)
4(512 513 764 763)
4(513 514 765 764)
4(514 515 766 765)
4(515 516 767 766)
4(516 517 768 767)
4(517 518 769 768)
4(518 519 770 769)
4(519 520 771 770)
4(520 521 772 771)
4(521 522 773 772)
4(522 523 774 773)
4(523 524 775 774)
4(524 525 776 775)
4(525 526 777 776)
4(526 527 778 777)
4(527 528 779 778)
4(528 529 780 779)
4(529 530 781 780)
4(530 531 782 781)
4(531 532 783 782)
4(532 533 784 783)
4(533 534 785 784)
4(534 535 786 785)
4(535 536 787 786)
4(536 537 788 787)
4(537 538 789 788)
4(538 539 790 789)
4(539 540 791 790)
4(540 541 792 791)
4(541 542 793 792)
4(542 543 794 793)
4(543 544 795 794)
4(544 545 796 795)
4(545 546 797 796)
4(546 547 798 797)
4(547 548 799 798)
4(548 549 800 799)
4(549 550 801 800)
4(550 551 802 801)
4(551 552 803 802)
4(552 553 804 803)
4(553 554 805 804)
4(554 555 806 805)
4(555 556 807 806)
4(556 557 808 807)
4(557 558 809 808)
4(558 559 810 809)
4(559 560 811 810)
4(560 561 812 811)
4(561 562 813 812)
4(562 563 814 813)
4(563 564 815 814)
4(564 565 816 815)
4(565 566 817 816)
4(566 567 818 817)
4(567 568 819 818)
4(568 569 820 819)
4(569 570 821 820)
4(570 571 822 821)
4(571 572 823 822)
4(572 573 824 823)
4(573 574 825 824)
4(574 575 826 825)
4(575 576 827 826)
4(576 577 828 827)
4(577 578 829 828)
4(578 579 830 829)
4(579 580 831 830)
4(580 581 832 831)
4(581 582 833 832)
4(582 583 834 833)
4(583 584 835 834)
4(584 585 836 835)
4(585 586 837 836)
4(586 587 838 837)
4(587 588 839 838)
4(588 589 840 839)
4(589 590 841 840)
4(590 591 842 841)
4(591 592 843 842)
4(592 593 844 843)
4(593 594 845 844)
4(594 595 846 845)
4(595 596 847 846)
4(596 597 848 847)
4(597 598 849 848)
4(598 599 850 849)
4(599 600 851 850)
4(600 601 852 851)
4(601 602 853 852)
4(602 603 854 853)
4(603 604 855 854)
4(604 605 856 855)
4(605 606 857 856)
4(606 607 858 857)
4(607 608 859 858)
4(608 609 860 859)
4(609 610 861 860)
4(610 611 862 861)
4(611 612 863 862)
4(612 613 864 863)
4(613 614 865 864)
4(614 615 866 865)
4(615 616 867 866)
4(616 617 868 867)
4(617 618 869 868)
4(618 619 870 869)
4(619 620 871 870)
4(620 621 872 871)
4(621 622 873 872)
4(622 623 874 873)
4(623 624 875 874)
4(624 625 876 875)
4(625 626 877 876)
4(626 627 878 877)
4(627 628 879 878)
4(628 629 880 879)
4(629 630 881 880)
4(630 631 882 881)
4(631 632 883 882)
4(632 633 884 883)
4(633 634 885 884)
4(634 635 886 885)
4(635 636 887 886)
4(636 637 888 887)
4(637 638 889 888)
4(638 639 890 889)
4(639 640 891 890)
4(640 641 892 891)
4(641 642 893 892)
4(642 643 894 893)
4(643 644 895 894)
4(644 645 896 895)
4(645 646 897 896)
4(646 647 898 897)
4(647 648 899 898)
4(648 649 900 899)
4(649 650 901 900)
4(650 651 902 901)
4(651 652 903 902)
4(652 653 904 903)
4(653 654 905 904)
4(654 655 906 905)
4(655 656 907 906)
4(656 657 908 907)
4(657 658 909 908)
4(658 659 910 909)
4(659 660 911 910)
4(660 661 912 911)
4(661 662 913 912)
4(662 663 914 913)
4(663 664 915 914)
4(664 665 916 915)
4(665 666 917 916)
4(666 667 918 917)
4(667 668 919 918)
4(668 669 920 919)
4(669 670 921 920)
4(670 671 922 921)
4(671 672 923 922)
4(672 673 924 923)
4(673 674 925 924)
4(674 675 926 925)
4(675 676 927 926)
4(676 677 928 927)
4(677 678 929 928)
4(678 679 930 929)
4(679 680 931 930)
4(680 681 932 931)
4(681 682 933 932)
4(682 683 934 933)
4(683 684 935 934)
4(684 685 936 935)
4(685 686 937 936)
4(686 687 938 937)
4(687 688 939 938)
4(688 689 940 939)
4(689 690 941 940)
4(690 691 942 941)
4(691 692 943 942)
4(692 693 944 943)
4(693 694 945 944)
4(694 695 946 945)
4(695 696 947 946)
4(696 697 948 947)
4(697 698 949 948)
4(698 699 950 949)
4(699 700 951 950)
4(700 701 952 951)
4(701 702 953 952)
4(702 703 954 953)
4(703 704 955 954)
4(704 705 956 955)
4(705 706 957 956)
4(706 707 958 957)
4(707 708 959 958)
4(708 709 960 959)
4(709 710 961 960)
4(710 711 962 961)
4(711 712 963 962)
4(712 713 964 963)
4(713 714 965 964)
4(714 715 966 965)
4(715 716 967 966)
4(716 717 968 967)
4(717 718 969 968)
4(718 719 970 969)
4(719 720 971 970)
4(720 721 972 971)
4(721 722 973 972)
4(722 723 974 973)
4(723 724 975 974)
4(724 725 976 975)
4(725 726 977 976)
4(726 727 978 977)
4(727 728 979 978)
4(728 729 980 979)
4(729 730 981 980)
4(730 731 982 981)
4(731 732 983 982)
4(732 733 984 983)
4(733 734 985 984)
4(734 735 986 985)
4(735 736 987 986)
4(736 737 988 987)
4(737 738 989 988)
4(738 739 990 989)
4(739 740 991 990)
4(740 741 992 991)
4(741 742 993 992)
4(742 743 994 993)
4(743 744 995 994)
4(744 745 996 995)
4(745 746 997 996)
4(746 747 998 997)
4(747 748 999 998)
4(748 749 1000 999)
4(749 750 1001 1000)
4(750 751 1002 1001)
4(751 752 1003 1002)
)


// ************************************************************************* //
