/*--------------------------------*- C++ -*----------------------------------*\
| =========                 |                                                 |
| \\      /  F ield         | foam-extend: Open Source CFD                    |
|  \\    /   O peration     | Version:     4.0                                |
|   \\  /    A nd           | Web:         http://www.foam-extend.org         |
|    \\/     M anipulation  |                                                 |
\*---------------------------------------------------------------------------*/
FoamFile
{
    version     2.0;
    format      ascii;
    class       vectorField;
    location    "constant/polyMesh";
    object      points;
}
// * * * * * * * * * * * * * * * * * * * * * * * * * * * * * * * * * * * * * //


1004
(
(0 0 0)
(4e-05 0 0)
(8e-05 0 0)
(0.00012 0 0)
(0.00016 0 0)
(0.0002 0 0)
(0.00024 0 0)
(0.00028 0 0)
(0.00032 0 0)
(0.00036 0 0)
(0.0004 0 0)
(0.00044 0 0)
(0.00048 0 0)
(0.00052 0 0)
(0.00056 0 0)
(0.0006 0 0)
(0.00064 0 0)
(0.00068 0 0)
(0.00072 0 0)
(0.00076 0 0)
(0.0008 0 0)
(0.00084 0 0)
(0.00088 0 0)
(0.00092 0 0)
(0.00096 0 0)
(0.001 0 0)
(0.00104 0 0)
(0.00108 0 0)
(0.00112 0 0)
(0.00116 0 0)
(0.0012 0 0)
(0.00124 0 0)
(0.00128 0 0)
(0.00132 0 0)
(0.00136 0 0)
(0.0014 0 0)
(0.00144 0 0)
(0.00148 0 0)
(0.00152 0 0)
(0.00156 0 0)
(0.0016 0 0)
(0.00164 0 0)
(0.00168 0 0)
(0.00172 0 0)
(0.00176 0 0)
(0.0018 0 0)
(0.00184 0 0)
(0.00188 0 0)
(0.00192 0 0)
(0.00196 0 0)
(0.002 0 0)
(0.00204 0 0)
(0.00208 0 0)
(0.00212 0 0)
(0.00216 0 0)
(0.0022 0 0)
(0.00224 0 0)
(0.00228 0 0)
(0.00232 0 0)
(0.00236 0 0)
(0.0024 0 0)
(0.00244 0 0)
(0.00248 0 0)
(0.00252 0 0)
(0.00256 0 0)
(0.0026 0 0)
(0.00264 0 0)
(0.00268 0 0)
(0.00272 0 0)
(0.00276 0 0)
(0.0028 0 0)
(0.00284 0 0)
(0.00288 0 0)
(0.00292 0 0)
(0.00296 0 0)
(0.003 0 0)
(0.00304 0 0)
(0.00308 0 0)
(0.00312 0 0)
(0.00316 0 0)
(0.0032 0 0)
(0.00324 0 0)
(0.00328 0 0)
(0.00332 0 0)
(0.00336 0 0)
(0.0034 0 0)
(0.00344 0 0)
(0.00348 0 0)
(0.00352 0 0)
(0.00356 0 0)
(0.0036 0 0)
(0.00364 0 0)
(0.00368 0 0)
(0.00372 0 0)
(0.00376 0 0)
(0.0038 0 0)
(0.00384 0 0)
(0.00388 0 0)
(0.00392 0 0)
(0.00396 0 0)
(0.004 0 0)
(0.00404 0 0)
(0.00408 0 0)
(0.00412 0 0)
(0.00416 0 0)
(0.0042 0 0)
(0.00424 0 0)
(0.00428 0 0)
(0.00432 0 0)
(0.00436 0 0)
(0.0044 0 0)
(0.00444 0 0)
(0.00448 0 0)
(0.00452 0 0)
(0.00456 0 0)
(0.0046 0 0)
(0.00464 0 0)
(0.00468 0 0)
(0.00472 0 0)
(0.00476 0 0)
(0.0048 0 0)
(0.00484 0 0)
(0.00488 0 0)
(0.00492 0 0)
(0.00496 0 0)
(0.005 0 0)
(0.00504 0 0)
(0.00508 0 0)
(0.00512 0 0)
(0.00516 0 0)
(0.0052 0 0)
(0.00524 0 0)
(0.00528 0 0)
(0.00532 0 0)
(0.00536 0 0)
(0.0054 0 0)
(0.00544 0 0)
(0.00548 0 0)
(0.00552 0 0)
(0.00556 0 0)
(0.0056 0 0)
(0.00564 0 0)
(0.00568 0 0)
(0.00572 0 0)
(0.00576 0 0)
(0.0058 0 0)
(0.00584 0 0)
(0.00588 0 0)
(0.00592 0 0)
(0.00596 0 0)
(0.006 0 0)
(0.00604 0 0)
(0.00608 0 0)
(0.00612 0 0)
(0.00616 0 0)
(0.0062 0 0)
(0.00624 0 0)
(0.00628 0 0)
(0.00632 0 0)
(0.00636 0 0)
(0.0064 0 0)
(0.00644 0 0)
(0.00648 0 0)
(0.00652 0 0)
(0.00656 0 0)
(0.0066 0 0)
(0.00664 0 0)
(0.00668 0 0)
(0.00672 0 0)
(0.00676 0 0)
(0.0068 0 0)
(0.00684 0 0)
(0.00688 0 0)
(0.00692 0 0)
(0.00696 0 0)
(0.007 0 0)
(0.00704 0 0)
(0.00708 0 0)
(0.00712 0 0)
(0.00716 0 0)
(0.0072 0 0)
(0.00724 0 0)
(0.00728 0 0)
(0.00732 0 0)
(0.00736 0 0)
(0.0074 0 0)
(0.00744 0 0)
(0.00748 0 0)
(0.00752 0 0)
(0.00756 0 0)
(0.0076 0 0)
(0.00764 0 0)
(0.00768 0 0)
(0.00772 0 0)
(0.00776 0 0)
(0.0078 0 0)
(0.00784 0 0)
(0.00788 0 0)
(0.00792 0 0)
(0.00796 0 0)
(0.008 0 0)
(0.00804 0 0)
(0.00808 0 0)
(0.00812 0 0)
(0.00816 0 0)
(0.0082 0 0)
(0.00824 0 0)
(0.00828 0 0)
(0.00832 0 0)
(0.00836 0 0)
(0.0084 0 0)
(0.00844 0 0)
(0.00848 0 0)
(0.00852 0 0)
(0.00856 0 0)
(0.0086 0 0)
(0.00864 0 0)
(0.00868 0 0)
(0.00872 0 0)
(0.00876 0 0)
(0.0088 0 0)
(0.00884 0 0)
(0.00888 0 0)
(0.00892 0 0)
(0.00896 0 0)
(0.009 0 0)
(0.00904 0 0)
(0.00908 0 0)
(0.00912 0 0)
(0.00916 0 0)
(0.0092 0 0)
(0.00924 0 0)
(0.00928 0 0)
(0.00932 0 0)
(0.00936 0 0)
(0.0094 0 0)
(0.00944 0 0)
(0.00948 0 0)
(0.00952 0 0)
(0.00956 0 0)
(0.0096 0 0)
(0.00964 0 0)
(0.00968 0 0)
(0.00972 0 0)
(0.00976 0 0)
(0.0098 0 0)
(0.00984 0 0)
(0.00988 0 0)
(0.00992 0 0)
(0.00996 0 0)
(0.01 0 0)
(0 0.01 0)
(4e-05 0.01 0)
(8e-05 0.01 0)
(0.00012 0.01 0)
(0.00016 0.01 0)
(0.0002 0.01 0)
(0.00024 0.01 0)
(0.00028 0.01 0)
(0.00032 0.01 0)
(0.00036 0.01 0)
(0.0004 0.01 0)
(0.00044 0.01 0)
(0.00048 0.01 0)
(0.00052 0.01 0)
(0.00056 0.01 0)
(0.0006 0.01 0)
(0.00064 0.01 0)
(0.00068 0.01 0)
(0.00072 0.01 0)
(0.00076 0.01 0)
(0.0008 0.01 0)
(0.00084 0.01 0)
(0.00088 0.01 0)
(0.00092 0.01 0)
(0.00096 0.01 0)
(0.001 0.01 0)
(0.00104 0.01 0)
(0.00108 0.01 0)
(0.00112 0.01 0)
(0.00116 0.01 0)
(0.0012 0.01 0)
(0.00124 0.01 0)
(0.00128 0.01 0)
(0.00132 0.01 0)
(0.00136 0.01 0)
(0.0014 0.01 0)
(0.00144 0.01 0)
(0.00148 0.01 0)
(0.00152 0.01 0)
(0.00156 0.01 0)
(0.0016 0.01 0)
(0.00164 0.01 0)
(0.00168 0.01 0)
(0.00172 0.01 0)
(0.00176 0.01 0)
(0.0018 0.01 0)
(0.00184 0.01 0)
(0.00188 0.01 0)
(0.00192 0.01 0)
(0.00196 0.01 0)
(0.002 0.01 0)
(0.00204 0.01 0)
(0.00208 0.01 0)
(0.00212 0.01 0)
(0.00216 0.01 0)
(0.0022 0.01 0)
(0.00224 0.01 0)
(0.00228 0.01 0)
(0.00232 0.01 0)
(0.00236 0.01 0)
(0.0024 0.01 0)
(0.00244 0.01 0)
(0.00248 0.01 0)
(0.00252 0.01 0)
(0.00256 0.01 0)
(0.0026 0.01 0)
(0.00264 0.01 0)
(0.00268 0.01 0)
(0.00272 0.01 0)
(0.00276 0.01 0)
(0.0028 0.01 0)
(0.00284 0.01 0)
(0.00288 0.01 0)
(0.00292 0.01 0)
(0.00296 0.01 0)
(0.003 0.01 0)
(0.00304 0.01 0)
(0.00308 0.01 0)
(0.00312 0.01 0)
(0.00316 0.01 0)
(0.0032 0.01 0)
(0.00324 0.01 0)
(0.00328 0.01 0)
(0.00332 0.01 0)
(0.00336 0.01 0)
(0.0034 0.01 0)
(0.00344 0.01 0)
(0.00348 0.01 0)
(0.00352 0.01 0)
(0.00356 0.01 0)
(0.0036 0.01 0)
(0.00364 0.01 0)
(0.00368 0.01 0)
(0.00372 0.01 0)
(0.00376 0.01 0)
(0.0038 0.01 0)
(0.00384 0.01 0)
(0.00388 0.01 0)
(0.00392 0.01 0)
(0.00396 0.01 0)
(0.004 0.01 0)
(0.00404 0.01 0)
(0.00408 0.01 0)
(0.00412 0.01 0)
(0.00416 0.01 0)
(0.0042 0.01 0)
(0.00424 0.01 0)
(0.00428 0.01 0)
(0.00432 0.01 0)
(0.00436 0.01 0)
(0.0044 0.01 0)
(0.00444 0.01 0)
(0.00448 0.01 0)
(0.00452 0.01 0)
(0.00456 0.01 0)
(0.0046 0.01 0)
(0.00464 0.01 0)
(0.00468 0.01 0)
(0.00472 0.01 0)
(0.00476 0.01 0)
(0.0048 0.01 0)
(0.00484 0.01 0)
(0.00488 0.01 0)
(0.00492 0.01 0)
(0.00496 0.01 0)
(0.005 0.01 0)
(0.00504 0.01 0)
(0.00508 0.01 0)
(0.00512 0.01 0)
(0.00516 0.01 0)
(0.0052 0.01 0)
(0.00524 0.01 0)
(0.00528 0.01 0)
(0.00532 0.01 0)
(0.00536 0.01 0)
(0.0054 0.01 0)
(0.00544 0.01 0)
(0.00548 0.01 0)
(0.00552 0.01 0)
(0.00556 0.01 0)
(0.0056 0.01 0)
(0.00564 0.01 0)
(0.00568 0.01 0)
(0.00572 0.01 0)
(0.00576 0.01 0)
(0.0058 0.01 0)
(0.00584 0.01 0)
(0.00588 0.01 0)
(0.00592 0.01 0)
(0.00596 0.01 0)
(0.006 0.01 0)
(0.00604 0.01 0)
(0.00608 0.01 0)
(0.00612 0.01 0)
(0.00616 0.01 0)
(0.0062 0.01 0)
(0.00624 0.01 0)
(0.00628 0.01 0)
(0.00632 0.01 0)
(0.00636 0.01 0)
(0.0064 0.01 0)
(0.00644 0.01 0)
(0.00648 0.01 0)
(0.00652 0.01 0)
(0.00656 0.01 0)
(0.0066 0.01 0)
(0.00664 0.01 0)
(0.00668 0.01 0)
(0.00672 0.01 0)
(0.00676 0.01 0)
(0.0068 0.01 0)
(0.00684 0.01 0)
(0.00688 0.01 0)
(0.00692 0.01 0)
(0.00696 0.01 0)
(0.007 0.01 0)
(0.00704 0.01 0)
(0.00708 0.01 0)
(0.00712 0.01 0)
(0.00716 0.01 0)
(0.0072 0.01 0)
(0.00724 0.01 0)
(0.00728 0.01 0)
(0.00732 0.01 0)
(0.00736 0.01 0)
(0.0074 0.01 0)
(0.00744 0.01 0)
(0.00748 0.01 0)
(0.00752 0.01 0)
(0.00756 0.01 0)
(0.0076 0.01 0)
(0.00764 0.01 0)
(0.00768 0.01 0)
(0.00772 0.01 0)
(0.00776 0.01 0)
(0.0078 0.01 0)
(0.00784 0.01 0)
(0.00788 0.01 0)
(0.00792 0.01 0)
(0.00796 0.01 0)
(0.008 0.01 0)
(0.00804 0.01 0)
(0.00808 0.01 0)
(0.00812 0.01 0)
(0.00816 0.01 0)
(0.0082 0.01 0)
(0.00824 0.01 0)
(0.00828 0.01 0)
(0.00832 0.01 0)
(0.00836 0.01 0)
(0.0084 0.01 0)
(0.00844 0.01 0)
(0.00848 0.01 0)
(0.00852 0.01 0)
(0.00856 0.01 0)
(0.0086 0.01 0)
(0.00864 0.01 0)
(0.00868 0.01 0)
(0.00872 0.01 0)
(0.00876 0.01 0)
(0.0088 0.01 0)
(0.00884 0.01 0)
(0.00888 0.01 0)
(0.00892 0.01 0)
(0.00896 0.01 0)
(0.009 0.01 0)
(0.00904 0.01 0)
(0.00908 0.01 0)
(0.00912 0.01 0)
(0.00916 0.01 0)
(0.0092 0.01 0)
(0.00924 0.01 0)
(0.00928 0.01 0)
(0.00932 0.01 0)
(0.00936 0.01 0)
(0.0094 0.01 0)
(0.00944 0.01 0)
(0.00948 0.01 0)
(0.00952 0.01 0)
(0.00956 0.01 0)
(0.0096 0.01 0)
(0.00964 0.01 0)
(0.00968 0.01 0)
(0.00972 0.01 0)
(0.00976 0.01 0)
(0.0098 0.01 0)
(0.00984 0.01 0)
(0.00988 0.01 0)
(0.00992 0.01 0)
(0.00996 0.01 0)
(0.01 0.01 0)
(0 0 0.01)
(4e-05 0 0.01)
(8e-05 0 0.01)
(0.00012 0 0.01)
(0.00016 0 0.01)
(0.0002 0 0.01)
(0.00024 0 0.01)
(0.00028 0 0.01)
(0.00032 0 0.01)
(0.00036 0 0.01)
(0.0004 0 0.01)
(0.00044 0 0.01)
(0.00048 0 0.01)
(0.00052 0 0.01)
(0.00056 0 0.01)
(0.0006 0 0.01)
(0.00064 0 0.01)
(0.00068 0 0.01)
(0.00072 0 0.01)
(0.00076 0 0.01)
(0.0008 0 0.01)
(0.00084 0 0.01)
(0.00088 0 0.01)
(0.00092 0 0.01)
(0.00096 0 0.01)
(0.001 0 0.01)
(0.00104 0 0.01)
(0.00108 0 0.01)
(0.00112 0 0.01)
(0.00116 0 0.01)
(0.0012 0 0.01)
(0.00124 0 0.01)
(0.00128 0 0.01)
(0.00132 0 0.01)
(0.00136 0 0.01)
(0.0014 0 0.01)
(0.00144 0 0.01)
(0.00148 0 0.01)
(0.00152 0 0.01)
(0.00156 0 0.01)
(0.0016 0 0.01)
(0.00164 0 0.01)
(0.00168 0 0.01)
(0.00172 0 0.01)
(0.00176 0 0.01)
(0.0018 0 0.01)
(0.00184 0 0.01)
(0.00188 0 0.01)
(0.00192 0 0.01)
(0.00196 0 0.01)
(0.002 0 0.01)
(0.00204 0 0.01)
(0.00208 0 0.01)
(0.00212 0 0.01)
(0.00216 0 0.01)
(0.0022 0 0.01)
(0.00224 0 0.01)
(0.00228 0 0.01)
(0.00232 0 0.01)
(0.00236 0 0.01)
(0.0024 0 0.01)
(0.00244 0 0.01)
(0.00248 0 0.01)
(0.00252 0 0.01)
(0.00256 0 0.01)
(0.0026 0 0.01)
(0.00264 0 0.01)
(0.00268 0 0.01)
(0.00272 0 0.01)
(0.00276 0 0.01)
(0.0028 0 0.01)
(0.00284 0 0.01)
(0.00288 0 0.01)
(0.00292 0 0.01)
(0.00296 0 0.01)
(0.003 0 0.01)
(0.00304 0 0.01)
(0.00308 0 0.01)
(0.00312 0 0.01)
(0.00316 0 0.01)
(0.0032 0 0.01)
(0.00324 0 0.01)
(0.00328 0 0.01)
(0.00332 0 0.01)
(0.00336 0 0.01)
(0.0034 0 0.01)
(0.00344 0 0.01)
(0.00348 0 0.01)
(0.00352 0 0.01)
(0.00356 0 0.01)
(0.0036 0 0.01)
(0.00364 0 0.01)
(0.00368 0 0.01)
(0.00372 0 0.01)
(0.00376 0 0.01)
(0.0038 0 0.01)
(0.00384 0 0.01)
(0.00388 0 0.01)
(0.00392 0 0.01)
(0.00396 0 0.01)
(0.004 0 0.01)
(0.00404 0 0.01)
(0.00408 0 0.01)
(0.00412 0 0.01)
(0.00416 0 0.01)
(0.0042 0 0.01)
(0.00424 0 0.01)
(0.00428 0 0.01)
(0.00432 0 0.01)
(0.00436 0 0.01)
(0.0044 0 0.01)
(0.00444 0 0.01)
(0.00448 0 0.01)
(0.00452 0 0.01)
(0.00456 0 0.01)
(0.0046 0 0.01)
(0.00464 0 0.01)
(0.00468 0 0.01)
(0.00472 0 0.01)
(0.00476 0 0.01)
(0.0048 0 0.01)
(0.00484 0 0.01)
(0.00488 0 0.01)
(0.00492 0 0.01)
(0.00496 0 0.01)
(0.005 0 0.01)
(0.00504 0 0.01)
(0.00508 0 0.01)
(0.00512 0 0.01)
(0.00516 0 0.01)
(0.0052 0 0.01)
(0.00524 0 0.01)
(0.00528 0 0.01)
(0.00532 0 0.01)
(0.00536 0 0.01)
(0.0054 0 0.01)
(0.00544 0 0.01)
(0.00548 0 0.01)
(0.00552 0 0.01)
(0.00556 0 0.01)
(0.0056 0 0.01)
(0.00564 0 0.01)
(0.00568 0 0.01)
(0.00572 0 0.01)
(0.00576 0 0.01)
(0.0058 0 0.01)
(0.00584 0 0.01)
(0.00588 0 0.01)
(0.00592 0 0.01)
(0.00596 0 0.01)
(0.006 0 0.01)
(0.00604 0 0.01)
(0.00608 0 0.01)
(0.00612 0 0.01)
(0.00616 0 0.01)
(0.0062 0 0.01)
(0.00624 0 0.01)
(0.00628 0 0.01)
(0.00632 0 0.01)
(0.00636 0 0.01)
(0.0064 0 0.01)
(0.00644 0 0.01)
(0.00648 0 0.01)
(0.00652 0 0.01)
(0.00656 0 0.01)
(0.0066 0 0.01)
(0.00664 0 0.01)
(0.00668 0 0.01)
(0.00672 0 0.01)
(0.00676 0 0.01)
(0.0068 0 0.01)
(0.00684 0 0.01)
(0.00688 0 0.01)
(0.00692 0 0.01)
(0.00696 0 0.01)
(0.007 0 0.01)
(0.00704 0 0.01)
(0.00708 0 0.01)
(0.00712 0 0.01)
(0.00716 0 0.01)
(0.0072 0 0.01)
(0.00724 0 0.01)
(0.00728 0 0.01)
(0.00732 0 0.01)
(0.00736 0 0.01)
(0.0074 0 0.01)
(0.00744 0 0.01)
(0.00748 0 0.01)
(0.00752 0 0.01)
(0.00756 0 0.01)
(0.0076 0 0.01)
(0.00764 0 0.01)
(0.00768 0 0.01)
(0.00772 0 0.01)
(0.00776 0 0.01)
(0.0078 0 0.01)
(0.00784 0 0.01)
(0.00788 0 0.01)
(0.00792 0 0.01)
(0.00796 0 0.01)
(0.008 0 0.01)
(0.00804 0 0.01)
(0.00808 0 0.01)
(0.00812 0 0.01)
(0.00816 0 0.01)
(0.0082 0 0.01)
(0.00824 0 0.01)
(0.00828 0 0.01)
(0.00832 0 0.01)
(0.00836 0 0.01)
(0.0084 0 0.01)
(0.00844 0 0.01)
(0.00848 0 0.01)
(0.00852 0 0.01)
(0.00856 0 0.01)
(0.0086 0 0.01)
(0.00864 0 0.01)
(0.00868 0 0.01)
(0.00872 0 0.01)
(0.00876 0 0.01)
(0.0088 0 0.01)
(0.00884 0 0.01)
(0.00888 0 0.01)
(0.00892 0 0.01)
(0.00896 0 0.01)
(0.009 0 0.01)
(0.00904 0 0.01)
(0.00908 0 0.01)
(0.00912 0 0.01)
(0.00916 0 0.01)
(0.0092 0 0.01)
(0.00924 0 0.01)
(0.00928 0 0.01)
(0.00932 0 0.01)
(0.00936 0 0.01)
(0.0094 0 0.01)
(0.00944 0 0.01)
(0.00948 0 0.01)
(0.00952 0 0.01)
(0.00956 0 0.01)
(0.0096 0 0.01)
(0.00964 0 0.01)
(0.00968 0 0.01)
(0.00972 0 0.01)
(0.00976 0 0.01)
(0.0098 0 0.01)
(0.00984 0 0.01)
(0.00988 0 0.01)
(0.00992 0 0.01)
(0.00996 0 0.01)
(0.01 0 0.01)
(0 0.01 0.01)
(4e-05 0.01 0.01)
(8e-05 0.01 0.01)
(0.00012 0.01 0.01)
(0.00016 0.01 0.01)
(0.0002 0.01 0.01)
(0.00024 0.01 0.01)
(0.00028 0.01 0.01)
(0.00032 0.01 0.01)
(0.00036 0.01 0.01)
(0.0004 0.01 0.01)
(0.00044 0.01 0.01)
(0.00048 0.01 0.01)
(0.00052 0.01 0.01)
(0.00056 0.01 0.01)
(0.0006 0.01 0.01)
(0.00064 0.01 0.01)
(0.00068 0.01 0.01)
(0.00072 0.01 0.01)
(0.00076 0.01 0.01)
(0.0008 0.01 0.01)
(0.00084 0.01 0.01)
(0.00088 0.01 0.01)
(0.00092 0.01 0.01)
(0.00096 0.01 0.01)
(0.001 0.01 0.01)
(0.00104 0.01 0.01)
(0.00108 0.01 0.01)
(0.00112 0.01 0.01)
(0.00116 0.01 0.01)
(0.0012 0.01 0.01)
(0.00124 0.01 0.01)
(0.00128 0.01 0.01)
(0.00132 0.01 0.01)
(0.00136 0.01 0.01)
(0.0014 0.01 0.01)
(0.00144 0.01 0.01)
(0.00148 0.01 0.01)
(0.00152 0.01 0.01)
(0.00156 0.01 0.01)
(0.0016 0.01 0.01)
(0.00164 0.01 0.01)
(0.00168 0.01 0.01)
(0.00172 0.01 0.01)
(0.00176 0.01 0.01)
(0.0018 0.01 0.01)
(0.00184 0.01 0.01)
(0.00188 0.01 0.01)
(0.00192 0.01 0.01)
(0.00196 0.01 0.01)
(0.002 0.01 0.01)
(0.00204 0.01 0.01)
(0.00208 0.01 0.01)
(0.00212 0.01 0.01)
(0.00216 0.01 0.01)
(0.0022 0.01 0.01)
(0.00224 0.01 0.01)
(0.00228 0.01 0.01)
(0.00232 0.01 0.01)
(0.00236 0.01 0.01)
(0.0024 0.01 0.01)
(0.00244 0.01 0.01)
(0.00248 0.01 0.01)
(0.00252 0.01 0.01)
(0.00256 0.01 0.01)
(0.0026 0.01 0.01)
(0.00264 0.01 0.01)
(0.00268 0.01 0.01)
(0.00272 0.01 0.01)
(0.00276 0.01 0.01)
(0.0028 0.01 0.01)
(0.00284 0.01 0.01)
(0.00288 0.01 0.01)
(0.00292 0.01 0.01)
(0.00296 0.01 0.01)
(0.003 0.01 0.01)
(0.00304 0.01 0.01)
(0.00308 0.01 0.01)
(0.00312 0.01 0.01)
(0.00316 0.01 0.01)
(0.0032 0.01 0.01)
(0.00324 0.01 0.01)
(0.00328 0.01 0.01)
(0.00332 0.01 0.01)
(0.00336 0.01 0.01)
(0.0034 0.01 0.01)
(0.00344 0.01 0.01)
(0.00348 0.01 0.01)
(0.00352 0.01 0.01)
(0.00356 0.01 0.01)
(0.0036 0.01 0.01)
(0.00364 0.01 0.01)
(0.00368 0.01 0.01)
(0.00372 0.01 0.01)
(0.00376 0.01 0.01)
(0.0038 0.01 0.01)
(0.00384 0.01 0.01)
(0.00388 0.01 0.01)
(0.00392 0.01 0.01)
(0.00396 0.01 0.01)
(0.004 0.01 0.01)
(0.00404 0.01 0.01)
(0.00408 0.01 0.01)
(0.00412 0.01 0.01)
(0.00416 0.01 0.01)
(0.0042 0.01 0.01)
(0.00424 0.01 0.01)
(0.00428 0.01 0.01)
(0.00432 0.01 0.01)
(0.00436 0.01 0.01)
(0.0044 0.01 0.01)
(0.00444 0.01 0.01)
(0.00448 0.01 0.01)
(0.00452 0.01 0.01)
(0.00456 0.01 0.01)
(0.0046 0.01 0.01)
(0.00464 0.01 0.01)
(0.00468 0.01 0.01)
(0.00472 0.01 0.01)
(0.00476 0.01 0.01)
(0.0048 0.01 0.01)
(0.00484 0.01 0.01)
(0.00488 0.01 0.01)
(0.00492 0.01 0.01)
(0.00496 0.01 0.01)
(0.005 0.01 0.01)
(0.00504 0.01 0.01)
(0.00508 0.01 0.01)
(0.00512 0.01 0.01)
(0.00516 0.01 0.01)
(0.0052 0.01 0.01)
(0.00524 0.01 0.01)
(0.00528 0.01 0.01)
(0.00532 0.01 0.01)
(0.00536 0.01 0.01)
(0.0054 0.01 0.01)
(0.00544 0.01 0.01)
(0.00548 0.01 0.01)
(0.00552 0.01 0.01)
(0.00556 0.01 0.01)
(0.0056 0.01 0.01)
(0.00564 0.01 0.01)
(0.00568 0.01 0.01)
(0.00572 0.01 0.01)
(0.00576 0.01 0.01)
(0.0058 0.01 0.01)
(0.00584 0.01 0.01)
(0.00588 0.01 0.01)
(0.00592 0.01 0.01)
(0.00596 0.01 0.01)
(0.006 0.01 0.01)
(0.00604 0.01 0.01)
(0.00608 0.01 0.01)
(0.00612 0.01 0.01)
(0.00616 0.01 0.01)
(0.0062 0.01 0.01)
(0.00624 0.01 0.01)
(0.00628 0.01 0.01)
(0.00632 0.01 0.01)
(0.00636 0.01 0.01)
(0.0064 0.01 0.01)
(0.00644 0.01 0.01)
(0.00648 0.01 0.01)
(0.00652 0.01 0.01)
(0.00656 0.01 0.01)
(0.0066 0.01 0.01)
(0.00664 0.01 0.01)
(0.00668 0.01 0.01)
(0.00672 0.01 0.01)
(0.00676 0.01 0.01)
(0.0068 0.01 0.01)
(0.00684 0.01 0.01)
(0.00688 0.01 0.01)
(0.00692 0.01 0.01)
(0.00696 0.01 0.01)
(0.007 0.01 0.01)
(0.00704 0.01 0.01)
(0.00708 0.01 0.01)
(0.00712 0.01 0.01)
(0.00716 0.01 0.01)
(0.0072 0.01 0.01)
(0.00724 0.01 0.01)
(0.00728 0.01 0.01)
(0.00732 0.01 0.01)
(0.00736 0.01 0.01)
(0.0074 0.01 0.01)
(0.00744 0.01 0.01)
(0.00748 0.01 0.01)
(0.00752 0.01 0.01)
(0.00756 0.01 0.01)
(0.0076 0.01 0.01)
(0.00764 0.01 0.01)
(0.00768 0.01 0.01)
(0.00772 0.01 0.01)
(0.00776 0.01 0.01)
(0.0078 0.01 0.01)
(0.00784 0.01 0.01)
(0.00788 0.01 0.01)
(0.00792 0.01 0.01)
(0.00796 0.01 0.01)
(0.008 0.01 0.01)
(0.00804 0.01 0.01)
(0.00808 0.01 0.01)
(0.00812 0.01 0.01)
(0.00816 0.01 0.01)
(0.0082 0.01 0.01)
(0.00824 0.01 0.01)
(0.00828 0.01 0.01)
(0.00832 0.01 0.01)
(0.00836 0.01 0.01)
(0.0084 0.01 0.01)
(0.00844 0.01 0.01)
(0.00848 0.01 0.01)
(0.00852 0.01 0.01)
(0.00856 0.01 0.01)
(0.0086 0.01 0.01)
(0.00864 0.01 0.01)
(0.00868 0.01 0.01)
(0.00872 0.01 0.01)
(0.00876 0.01 0.01)
(0.0088 0.01 0.01)
(0.00884 0.01 0.01)
(0.00888 0.01 0.01)
(0.00892 0.01 0.01)
(0.00896 0.01 0.01)
(0.009 0.01 0.01)
(0.00904 0.01 0.01)
(0.00908 0.01 0.01)
(0.00912 0.01 0.01)
(0.00916 0.01 0.01)
(0.0092 0.01 0.01)
(0.00924 0.01 0.01)
(0.00928 0.01 0.01)
(0.00932 0.01 0.01)
(0.00936 0.01 0.01)
(0.0094 0.01 0.01)
(0.00944 0.01 0.01)
(0.00948 0.01 0.01)
(0.00952 0.01 0.01)
(0.00956 0.01 0.01)
(0.0096 0.01 0.01)
(0.00964 0.01 0.01)
(0.00968 0.01 0.01)
(0.00972 0.01 0.01)
(0.00976 0.01 0.01)
(0.0098 0.01 0.01)
(0.00984 0.01 0.01)
(0.00988 0.01 0.01)
(0.00992 0.01 0.01)
(0.00996 0.01 0.01)
(0.01 0.01 0.01)
)


// ************************************************************************* //
