time               power             voltage
1.28193444315488e-07                   0                 201
3.12473830736449e-07                   0             202.005
5.33596630670539e-07                   0          203.015025
7.91448999320172e-07                   0       204.030100125
1.08594550704075e-06                   0    205.050250625625
1.38184659358938e-06                   0    206.075501878753
1.71289822627693e-06                   0    207.105879388147
2.08101311897894e-06                   0    208.141408785087
2.45036022374891e-06                   0    209.182115829013
2.81954209974083e-06                   0    210.228026408158
3.22439060641848e-06                   0    211.279166540199
3.63017277124254e-06                   0      212.3355623729
4.03591631795596e-06                   0    213.397240184764
4.44137775641364e-06                   0    214.464226385688
4.84705061963035e-06                   0    215.536547517616
5.25269206886991e-06                   0    216.614230255204
5.65833883435062e-06                   0     217.69730140648
6.06376260305569e-06                   0    218.785787913513
6.46923338112217e-06                   0     219.87971685308
6.87482627633065e-06                   0    220.979115437346
7.28041994023757e-06                   0    222.084011014532
7.68597234444486e-06                   0    223.194431069605
8.09153359661725e-06                   0    224.310403224953
8.46090958019745e-06                   0    225.431955241078
8.82895505942843e-06                   0    226.559115017283
9.1613469918696e-06                   0    227.691910592369
9.49278555546803e-06                   0    228.830370145331
9.82410779885618e-06                   0    229.974521996058
1.01198652817909e-05                   0    231.124394606038
1.04143216398253e-05                   0    232.280016579068
1.07087731554398e-05                   0    233.441416661964
1.09677296623929e-05                   0    234.608623745273
1.12254868278046e-05                   0       235.781666864
1.14832547235581e-05                   0     236.96057519832
1.17408864365381e-05                   0    238.145378074311
1.19633179890635e-05                   0    239.336104964683
1.21842462151135e-05                   0    240.532785489506
1.24051633305878e-05                   0    241.735449416954
1.26262107516636e-05                   0    242.944126664039
1.28469830927826e-05                   0    244.158847297359
1.30680145012643e-05                   0    245.379641533845
1.32538201436929e-05                   0    246.606539741515
1.34379896173655e-05                   0    247.839572440222
1.36219207983129e-05                   0    249.078770302423
1.38059438247097e-05                   0    250.324164153935
1.39899803850731e-05                   0    251.575784974705
1.41740069670018e-05                   0    252.833663899579
1.43581559391825e-05                   0    254.097832219076
1.45075323818508e-05                   0    255.368321380172
1.46547955045352e-05                   0    256.645162987073
